1-Dimensional Bike Env Seed *WORK PREDICTION* 7 generated at 2021-07-15 15:36:11.726863
10,400,40,60
[5, 3, 2, 4, 8, 2, 5, 4, 1, 6]
Hour: 0; (2,5) (1,7) (0,8) (9,7) (0,9) (2,9) (2,9) (0,7) (9,7) (0,9) (1,9) (2,8) (1,7) (2,9) (5,8) (1,8) (1,9) (3,9) (4,9) (0,9) (2,9) (6,7) (5,9) (0,7) (2,7) (4,0) (9,8) (1,9) (0,7) (8,8) (9,0) (1,7) (0,9) (5,7) (1,9) (3,3) (1,8) (2,7) (0,7) (6,0) (2,9) (0,9) (0,7) (1,8) (2,1) (1,7) (5,4) (1,9) (9,9) (1,7) (9,1) (6,8) (0,7) (2,8) (0,8) (9,0) (5,4) (0,7) (0,7) (8,5) ;
Hour: 1; (9,8) (7,8) (2,8) (1,9) (0,7) (2,4) (1,5) (1,8) (4,3) (6,5) (2,7) (2,8) (1,9) (1,7) (1,8) (1,9) (7,9) (0,7) (1,8) (1,9) (0,9) (2,7) (7,9) (1,8) (2,8) (1,8) (6,9) (1,3) (0,8) (9,8) (1,9) (9,8) (0,8) (2,7) (2,9) (0,8) (2,9) (4,8) (0,8) (3,9) (6,9) (8,3) ;
Hour: 2; (7,7) (5,7) (6,0) (3,3) (8,1) (2,7) (0,8) (3,6) (2,9) (2,9) (0,8) (9,9) (0,8) (6,7) (2,8) (6,8) (2,7) (0,7) (1,7) (2,8) (0,9) (5,8) (2,7) (6,2) (2,9) (2,9) (6,8) (3,8) (2,8) (0,8) (5,0) (0,7) (2,9) (7,2) (0,9) (1,9) ;
Hour: 3; (8,0) (5,7) (1,4) (9,8) (2,9) (9,1) (3,0) (8,6) (1,1) (2,3) (3,9) (2,3) (0,1) (4,8) (3,9) (4,4) (5,2) (7,3) (3,6) ;
Hour: 4; (2,1) (8,8) (8,2) (3,6) (8,3) (5,6) (8,6) (3,8) (5,8) (2,3) (0,4) (5,0) (5,5) (7,8) (6,9) (9,2) (7,7) (5,5) (0,1) (0,7) (4,4) ;
Hour: 5; (7,8) (2,7) (0,8) (9,5) (4,8) (3,2) (6,6) (2,7) (8,5) (5,1) (5,0) (4,3) (8,3) (3,1) (4,3) (9,6) (3,8) (0,6) (3,1) (6,0) (2,5) (2,6) (2,0) (2,8) (5,6) (1,8) (9,5) (4,6) (9,3) (4,1) ;
Hour: 6; (5,1) (4,4) (4,9) (4,8) (5,8) (1,7) (6,2) (3,7) (3,3) (9,0) (3,8) (8,2) (8,7) (9,3) (8,1) (3,6) (1,7) (4,7) (8,0) (5,3) (7,9) (2,3) (1,6) (9,8) (1,5) (8,9) (7,0) ;
Hour: 7; (6,4) (0,9) ;
Hour: 8; (7,4) (6,3) (0,2) (6,1) (0,8) (2,8) ;
Hour: 9; (9,1) (5,0) (9,0) (8,0) (9,1) (9,2) (8,9) (8,0) (8,2) (1,0) (9,1) (8,2) (9,0) (8,2) (8,1) (7,0) (0,0) (2,0) (4,7) (8,0) (9,2) (8,3) (9,2) (7,1) (9,2) (7,0) (9,2) (7,0) (7,0) (0,6) (8,2) (8,1) (8,2) (8,2) (7,2) (3,2) (9,1) (6,1) (7,2) (7,2) (9,2) (0,1) (7,0) (7,1) (0,1) (0,1) (8,2) (5,9) (8,1) ;
Hour: 10; (5,2) (9,6) (5,0) (9,1) (9,2) (8,0) (8,0) (7,0) (8,0) (7,2) (9,2) (6,0) (8,1) (7,2) (8,0) (8,1) (0,7) (7,1) (7,0) (9,0) (1,2) (7,0) (5,4) (9,1) (8,1) (6,1) (9,7) (9,0) (7,1) (7,0) ;
Hour: 11; (7,6) (9,1) (8,1) (7,3) (8,2) (8,1) (7,2) (7,0) (9,0) (9,2) (8,1) (9,2) (8,1) (8,0) (8,0) (7,0) (9,1) (8,0) (7,0) (1,2) (9,1) (2,0) (8,0) (8,2) (6,0) (4,4) (9,0) (8,2) (9,2) (9,1) (2,3) (8,2) (7,2) (9,2) (9,0) (4,0) (6,2) (3,8) (7,2) (4,2) (7,2) (8,1) (7,0) (9,0) (7,1) (9,2) (8,0) (8,0) (9,1) (8,2) (9,1) (9,0) (7,2) ;
